-----------------Prometheus-------------------
Zephyr = [2, 5, 3, 3, 4, 2, 4, 4, 2, 3, 3, 2, 1, 2, 1, 1, 5, 3, 1, 3]
cohen_k_zephyr = 0.09926470588235281

Llama_0Shot = [1, 1, 1, 1, 1, 1, 2, 3, 1, 1, 1, 1, 5, 4, 1, 1, 5, 3, 1, 3]
cohen_k_0Shot = -0.0714285714285714

Llama_1Shot = [2, 3, 1, 1, 4, 1, 1, 5, 2, 3, 1, 1, 1, 1, 2, 1, 5, 3, 2, 4]
cohen_k_1Shot = -0.06451612903225801

Llama_3Shot = [2, 2, 5, 1, 4, 3, 3, 2, 3, 2, 4, 2, 5, 1, 3, 5, 1, 1, 3, 3]
cohen_k_3Shot = -0.23308270676691722

Llama_5Shot = [4, 5, 1, 1, 4, 3, 3, 3, 3, 1, 5, 1, 3, 1, 1, 2, 5, 3, 1, 4]
cohen_k_5Shot = 0.054487179487179516

Llama_7Shot = [3, 1, 1, 1, 2, 3, 1, 1, 5, 2, 4, 1, 5, 1, 2, 1, 1, 3, 2, 2]
cohen_k_7Shot = -0.14353312302839139

NLLB = [2, 1, 1, 2, 2, 2, 2, 4, 1, 1, 1, 2, 1, 2, 2, 1, 5, 1, 1, 2]
cohen_k_NLLB = -0.06194690265486713


-----------------Mistral-------------------
Zephyr = [3, 5, 3, 3, 3, 4, 4, 4, 4, 3, 4, 3, 5, 1, 3, 4, 5, 5, 3, 4]
cohen_k_zephyr = 0.1041433370660696

Llama_0Shot = [1, 3, 1, 4, 1, 3, 4, 4, 1, 1, 5, 3, 3, 3, 1, 1, 5, 3, 1, 3]
cohen_k_0Shot = 0.3657817109144542

Llama_1Shot = [4, 3, 3, 1, 3, 4, 3, 5, 5, 3, 5, 3, 3, 3, 4, 4, 5, 3, 3, 3]
cohen_k_1Shot = 0.11111111111111116

Llama_3Shot = [3, 3, 3, 3, 5, 3, 3, 3, 4, 5, 5, 3, 3, 3, 4, 5, 5, 5, 3, 3]
cohen_k_3Shot = -0.0060975609756095395

Llama_5Shot = [3, 4, 4, 3, 3, 3, 4, 4, 3, 3, 4, 3, 3, 3, 3, 3, 3, 3, 3, 4]
cohen_k_5Shot = -0.10294117647058831

Llama_7Shot = [3, 5, 3, 1, 3, 3, 3, 5, 3, 4, 4, 3, 3, 3, 3, 3, 5, 5, 4, 4]
cohen_k_7Shot = -0.16666666666666652

NLLB = [3, 4, 5, 3, 3, 3, 3, 5, 3, 3, 5, 4, 3, 3, 3, 5, 5, 3, 5, 4]
cohen_k_NLLB = 0.2028985507246377