-----------------Prometheus-------------------
Zephyr = [2, 5, 3, 3, 4, 2, 4, 4, 2, 3, 3, 2, 1, 2, 1, 1, 5, 3, 1, 3]
rho = 0.602033795565187
p_val = 0.0049747033421521465

Llama_0Shot = [1, 1, 1, 1, 1, 1, 2, 3, 1, 1, 1, 1, 5, 4, 1, 1, 5, 3, 1, 3]
rho = 0.41717219881665885
p_val = 0.06725061999765133

Llama_1Shot = [2, 3, 1, 1, 4, 1, 1, 5, 2, 3, 1, 1, 1, 1, 2, 1, 5, 3, 2, 4]
rho = 0.44140886168414456
p_val = 0.05137408681692194

Llama_3Shot = [2, 2, 5, 1, 4, 3, 3, 2, 3, 2, 4, 2, 5, 1, 3, 5, 1, 1, 3, 3]
rho = 0.5607461165837466
p_val = 0.010111782055246479

Llama_5Shot = [4, 5, 1, 1, 4, 3, 3, 3, 3, 1, 5, 1, 3, 1, 1, 2, 5, 3, 1, 4]
rho = 0.3499443888514286
p_val = 0.13040005825511072

Llama_7Shot = [3, 1, 1, 1, 2, 3, 1, 1, 5, 2, 4, 1, 5, 1, 2, 1, 1, 3, 2, 2]
crho = 0.778483923045948
p_val = 5.283404157621831e-05

NLLB = [2, 1, 1, 2, 2, 2, 2, 4, 1, 1, 1, 2, 1, 2, 2, 1, 5, 1, 1, 2]
rho = 0.35975423114441624
p_val = 0.119240185175361

Llama_FT = [1, 2, 1, 2, 4, 1, 1, 2, 1, 1, 1, 1, 5, 2, 1, 2, 5, 2, 1, 1]
rho = 0.5078317304427273
p_val = 0.02225925717851248
